1403638130.295097 -0.002157 0.000592 0.078744 -0.037631 0.823561 -0.003061 0.565970
1403638130.395097 0.001565 0.002505 0.135681 -0.049027 0.817329 -0.013070 0.573933
1403638130.495097 0.006764 0.006295 0.187583 -0.051412 0.818167 -0.007943 0.572622
1403638130.595097 0.006288 0.008433 0.224074 -0.044811 0.820198 0.001003 0.570321
1403638130.695097 0.005758 0.008837 0.255066 -0.048141 0.813481 -0.004185 0.579580
1403638130.795097 0.004111 0.008432 0.285163 -0.065607 0.806413 -0.017928 0.587429
1403638130.895097 0.001965 0.007315 0.308837 -0.071815 0.804530 -0.018987 0.589248
1403638130.995097 -0.001780 0.003612 0.321545 -0.069869 0.794477 -0.025713 0.602713
1403638131.095097 -0.004317 0.001553 0.321520 -0.066885 0.787653 -0.029572 0.611764
1403638131.195097 -0.005191 0.003341 0.312250 -0.057860 0.795812 -0.019835 0.602447
1403638131.295097 -0.003762 0.007165 0.299562 -0.046072 0.807193 -0.006381 0.588453
1403638131.395097 -0.001063 0.008437 0.284551 -0.043050 0.809984 -0.005385 0.584845
1403638131.495097 0.000766 0.007951 0.264158 -0.036490 0.810159 -0.004303 0.585058
1403638131.595097 -0.001330 0.007758 0.232437 -0.033608 0.814085 -0.002726 0.579766
1403638131.695097 -0.003996 0.005874 0.194361 -0.030099 0.815503 0.001002 0.577969
1403638131.795097 -0.006556 0.003278 0.153498 -0.022914 0.816035 0.005460 0.577522
1403638131.895097 -0.011815 0.001757 0.112031 -0.013609 0.817636 0.009069 0.575504
1403638131.995097 -0.015743 0.001182 0.080569 -0.007042 0.819518 0.015369 0.572804
1403638132.095097 -0.015777 0.003163 0.068848 0.001905 0.825523 0.031265 0.563498
1403638132.195097 -0.015273 0.005393 0.085455 0.002109 0.826243 0.037853 0.562037
1403638132.295097 -0.013920 0.004186 0.127429 -0.010676 0.818025 0.030662 0.574265
1403638132.395097 -0.014475 0.006405 0.181183 -0.023627 0.813390 0.025531 0.580678
1403638132.495097 -0.012131 0.001329 0.236441 -0.043787 0.804890 0.015102 0.591614
1403638132.595097 -0.011737 0.003464 0.288953 -0.062346 0.790522 0.001036 0.609251
1403638132.695097 -0.009970 0.011240 0.331361 -0.069141 0.790552 -0.002720 0.608474
1403638132.795097 -0.008405 0.021988 0.355149 -0.071511 0.796029 -0.004321 0.601003
1403638132.895097 -0.010143 0.029406 0.367338 -0.077399 0.788376 -0.012610 0.610175
1403638132.995097 -0.011041 0.030035 0.363072 -0.084022 0.781737 -0.013151 0.617782
1403638133.095097 -0.009479 0.021042 0.344947 -0.074574 0.786847 0.001246 0.612625
1403638133.195097 -0.006862 0.000866 0.322277 -0.063225 0.791305 0.002984 0.608137
1403638133.295097 -0.005657 -0.030232 0.296183 -0.047799 0.792871 -0.007011 0.607472
1403638133.395097 -0.008315 -0.069264 0.269936 -0.030239 0.799023 -0.014326 0.600369
1403638133.495097 -0.015328 -0.114266 0.249138 -0.010900 0.802210 -0.028306 0.596271
1403638133.595097 -0.026923 -0.156161 0.230398 -0.003027 0.803591 -0.050680 0.593012
1403638133.695097 -0.043009 -0.195155 0.213238 -0.001728 0.806941 -0.068269 0.586671
1403638133.795097 -0.058178 -0.230209 0.196411 0.011979 0.808729 -0.082141 0.582294
1403638133.895097 -0.065035 -0.254834 0.181560 0.028086 0.811204 -0.090020 0.577110
1403638133.995097 -0.059290 -0.260695 0.172660 0.035150 0.810263 -0.095872 0.577102
1403638134.095097 -0.040541 -0.248444 0.170193 0.038056 0.813288 -0.090712 0.573485
1403638134.195097 -0.012356 -0.226894 0.172303 0.040660 0.814826 -0.084293 0.572101
1403638134.295097 0.020938 -0.194528 0.179217 0.036845 0.805590 -0.092028 0.584122
1403638134.395097 0.056311 -0.155148 0.183170 0.027931 0.806996 -0.096922 0.581880
1403638134.495097 0.087911 -0.112404 0.186907 0.020758 0.808122 -0.100843 0.579948
1403638134.595097 0.118486 -0.077086 0.189694 0.009939 0.806456 -0.105600 0.581703
1403638134.695097 0.140447 -0.036450 0.192363 0.004737 0.809991 -0.104392 0.577057
1403638134.795097 0.153486 0.009523 0.197831 0.002393 0.817236 -0.098858 0.567756
1403638134.895097 0.162789 0.051093 0.209563 0.005295 0.819386 -0.095070 0.565280
1403638134.995097 0.168500 0.086370 0.218755 0.005219 0.815347 -0.095922 0.570947
1403638135.095097 0.171029 0.115026 0.221059 0.008931 0.819333 -0.088505 0.566375
1403638135.195097 0.173117 0.131399 0.207809 0.010463 0.823708 -0.081177 0.561076
1403638135.295097 0.167678 0.133525 0.197961 0.013075 0.825439 -0.078511 0.558852
1403638135.395097 0.159040 0.122024 0.184892 0.016368 0.822816 -0.080771 0.562300
1403638135.495097 0.144616 0.101948 0.174669 0.025852 0.825093 -0.080177 0.558682
1403638135.595097 0.130249 0.074673 0.170145 0.033800 0.829717 -0.080498 0.551314
1403638135.695097 0.118010 0.040333 0.167364 0.039076 0.825332 -0.090371 0.555998
1403638135.795097 0.101032 0.005603 0.163132 0.036421 0.821894 -0.103397 0.558992
1403638135.895097 0.078810 -0.024793 0.161320 0.046466 0.827383 -0.099159 0.550859
1403638135.995097 0.053713 -0.054502 0.169016 0.058046 0.832800 -0.095102 0.542246
1403638136.095097 0.030589 -0.090616 0.187003 0.067327 0.825479 -0.101006 0.551225
1403638136.195097 0.005441 -0.131887 0.201013 0.065193 0.814886 -0.114611 0.564424
1403638136.295097 -0.021072 -0.174711 0.202686 0.071583 0.812282 -0.119806 0.566322
1403638136.395097 -0.044403 -0.208276 0.195078 0.081119 0.814095 -0.120946 0.562175
1403638136.495097 -0.061618 -0.227152 0.189015 0.087036 0.816428 -0.123361 0.557362
1403638136.595097 -0.069049 -0.225306 0.193385 0.081387 0.816633 -0.134226 0.555401
1403638136.695097 -0.066925 -0.204678 0.205843 0.068190 0.815266 -0.136221 0.558691
1403638136.795097 -0.058093 -0.171311 0.221807 0.051259 0.815335 -0.132353 0.561323
1403638136.895097 -0.046780 -0.131376 0.232696 0.026737 0.807970 -0.133944 0.573174
1403638136.995097 -0.034492 -0.089946 0.228520 0.008263 0.797910 -0.136985 0.586946
1403638137.095097 -0.023871 -0.051178 0.206079 0.001334 0.798437 -0.131253 0.587596
1403638137.195097 -0.017946 -0.016265 0.172221 0.004254 0.806766 -0.118135 0.578925
1403638137.295097 -0.011778 0.008283 0.130914 0.007437 0.815917 -0.104139 0.568665
1403638137.395097 -0.010150 0.026549 0.089737 0.009488 0.821475 -0.096833 0.561882
1403638137.495097 -0.009456 0.038064 0.051458 0.019394 0.829594 -0.088294 0.551001
1403638137.595097 -0.007794 0.047386 0.019447 0.033965 0.838462 -0.077318 0.538377
1403638137.695097 -0.008004 0.053028 -0.004099 0.042290 0.839195 -0.077517 0.536613
1403638137.795097 -0.003045 0.055371 -0.025609 0.044676 0.838347 -0.082863 0.536947
1403638137.895097 -0.004474 0.057249 -0.040426 0.050580 0.844079 -0.079279 0.527908
1403638137.995097 -0.005891 0.059564 -0.050915 0.055878 0.852811 -0.071529 0.514271
1403638138.095097 -0.006192 0.061369 -0.057245 0.057374 0.853128 -0.067848 0.514079
1403638138.195097 -0.007533 0.060437 -0.058495 0.054162 0.845058 -0.075557 0.526530
1403638138.295097 -0.008276 0.059845 -0.059557 0.052029 0.841133 -0.078276 0.532598
1403638138.395097 -0.009420 0.060402 -0.059072 0.052486 0.836529 -0.078857 0.539672
1403638138.495097 -0.009813 0.060249 -0.059086 0.053176 0.836301 -0.077810 0.540110
1403638138.595097 -0.009569 0.060361 -0.059228 0.052628 0.836209 -0.077796 0.540307
1403638138.695097 -0.009484 0.060569 -0.059323 0.051712 0.836123 -0.078363 0.540448
1403638138.795097 -0.009479 0.060476 -0.059282 0.051630 0.836205 -0.077809 0.540409
1403638138.895097 -0.009264 0.060870 -0.059447 0.050189 0.835972 -0.078806 0.540759
1403638138.995097 -0.009321 0.060777 -0.059411 0.050313 0.836060 -0.078362 0.540677
1403638139.095097 -0.009313 0.060669 -0.059449 0.050426 0.836099 -0.077996 0.540659
1403638139.195097 -0.009316 0.060605 -0.059465 0.050538 0.836041 -0.077742 0.540776
1403638139.295097 -0.009311 0.060604 -0.059493 0.050472 0.836002 -0.077661 0.540853
1403638139.395097 -0.009292 0.060640 -0.059507 0.050165 0.835983 -0.077736 0.540900
1403638139.495097 -0.009294 0.060673 -0.059526 0.049851 0.835969 -0.077808 0.540940
1403638139.595097 -0.009273 0.060695 -0.059552 0.049645 0.835932 -0.077791 0.541020
1403638139.695097 -0.009280 0.060704 -0.059564 0.049506 0.835915 -0.077761 0.541062
1403638139.795097 -0.009263 0.060699 -0.059567 0.049309 0.835911 -0.077736 0.541089
1403638139.895097 -0.009256 0.060697 -0.059560 0.049319 0.835883 -0.077656 0.541144
1403638139.995097 -0.009265 0.060680 -0.059561 0.049170 0.835899 -0.077588 0.541142
1403638140.095097 -0.009242 0.060681 -0.059561 0.049041 0.835894 -0.077533 0.541170
1403638140.195097 -0.009241 0.060678 -0.059570 0.048889 0.835870 -0.077502 0.541225
1403638140.295097 -0.009243 0.060682 -0.059590 0.048749 0.835836 -0.077451 0.541297
1403638140.395097 -0.009233 0.060688 -0.059590 0.048617 0.835817 -0.077434 0.541342
1403638140.495097 -0.009239 0.060698 -0.059599 0.048494 0.835811 -0.077407 0.541365
1403638140.595097 -0.009238 0.060689 -0.059590 0.048376 0.835781 -0.077347 0.541430
1403638140.695097 -0.009242 0.060688 -0.059602 0.048303 0.835754 -0.077258 0.541492
1403638140.795097 -0.009237 0.060695 -0.059604 0.048191 0.835723 -0.077226 0.541554
1403638140.895097 -0.009234 0.060701 -0.059587 0.048088 0.835716 -0.077195 0.541578
1403638140.995097 -0.009235 0.060711 -0.059578 0.047989 0.835708 -0.077123 0.541610
1403638141.095097 -0.009231 0.060725 -0.059583 0.047910 0.835655 -0.077072 0.541706
1403638141.195097 -0.009233 0.060719 -0.059583 0.047745 0.835636 -0.077019 0.541757
1403638141.295097 -0.009226 0.060719 -0.059576 0.047676 0.835628 -0.076946 0.541786
1403638141.395097 -0.009227 0.060722 -0.059574 0.047572 0.835595 -0.076904 0.541852
1403638141.495097 -0.009228 0.060712 -0.059564 0.047443 0.835597 -0.076848 0.541869
1403638141.595097 -0.009227 0.060713 -0.059546 0.047397 0.835578 -0.076786 0.541910
1403638141.695097 -0.009223 0.060707 -0.059539 0.047301 0.835582 -0.076734 0.541920
1403638141.795097 -0.009216 0.060713 -0.059522 0.047222 0.835570 -0.076668 0.541954
1403638141.895097 -0.009212 0.060709 -0.059514 0.047126 0.835552 -0.076608 0.541999
1403638141.995097 -0.009221 0.060725 -0.059493 0.047047 0.835534 -0.076533 0.542044
1403638142.095097 -0.009207 0.060753 -0.059451 0.046978 0.835554 -0.076434 0.542034
1403638142.195097 -0.009230 0.060728 -0.059440 0.047057 0.835505 -0.076616 0.542076
1403638142.295097 -0.009245 0.060626 -0.059422 0.047307 0.835503 -0.076919 0.542016
1403638142.395097 -0.009228 0.060700 -0.059367 0.047410 0.835553 -0.076813 0.541944
1403638142.495097 -0.009203 0.060754 -0.059352 0.047078 0.835633 -0.076653 0.541872
1403638142.595097 -0.009164 0.060820 -0.059356 0.046451 0.835671 -0.076131 0.541941
1403638142.695097 -0.009153 0.060818 -0.059321 0.046655 0.835777 -0.076191 0.541752
1403638142.795097 -0.009154 0.060723 -0.059273 0.047135 0.835810 -0.076443 0.541624
1403638142.895097 -0.009137 0.060711 -0.059229 0.047103 0.835845 -0.076295 0.541593
1403638142.995097 -0.009114 0.060782 -0.059235 0.046992 0.835832 -0.075918 0.541676
1403638143.095097 -0.009121 0.060751 -0.059209 0.047056 0.835892 -0.075936 0.541575
1403638143.195097 -0.009110 0.060724 -0.059179 0.046966 0.835939 -0.076050 0.541494
1403638143.295097 -0.009106 0.060701 -0.059180 0.046920 0.835904 -0.076128 0.541541
1403638143.395097 -0.009101 0.060722 -0.059163 0.047030 0.835892 -0.076144 0.541548
1403638143.495097 -0.009101 0.060719 -0.059149 0.047136 0.835887 -0.076156 0.541545
1403638143.595097 -0.009107 0.060676 -0.059139 0.047275 0.835881 -0.076324 0.541519
1403638143.695097 -0.009092 0.060685 -0.059122 0.047115 0.835862 -0.076297 0.541566
1403638143.795097 -0.009076 0.060685 -0.059116 0.047039 0.835865 -0.076227 0.541577
1403638143.895097 -0.009078 0.060691 -0.059106 0.046978 0.835853 -0.076293 0.541592
1403638143.995097 -0.009077 0.060686 -0.059097 0.046977 0.835830 -0.076281 0.541629
1403638144.095097 -0.009064 0.060679 -0.059085 0.046905 0.835861 -0.076254 0.541593
1403638144.195097 -0.009070 0.060672 -0.059073 0.046926 0.835818 -0.076229 0.541659
1403638144.295097 -0.009066 0.060671 -0.059070 0.046829 0.835798 -0.076134 0.541713
1403638144.395097 -0.009067 0.060667 -0.059073 0.046760 0.835776 -0.076113 0.541756
1403638144.495097 -0.009069 0.060653 -0.059066 0.046769 0.835768 -0.076140 0.541763
1403638144.595097 -0.009064 0.060659 -0.059049 0.046681 0.835774 -0.076143 0.541761
1403638144.695097 -0.009052 0.060668 -0.059017 0.046572 0.835729 -0.075980 0.541863
1403638144.795097 -0.009057 0.060677 -0.059019 0.046515 0.835735 -0.076000 0.541855
1403638144.895097 -0.009048 0.060675 -0.059012 0.046513 0.835758 -0.075977 0.541824
1403638144.995097 -0.009037 0.060660 -0.058987 0.046537 0.835728 -0.075924 0.541876
1403638145.095097 -0.009044 0.060657 -0.058983 0.046473 0.835734 -0.075930 0.541871
1403638145.195097 -0.009030 0.060666 -0.058953 0.046485 0.835726 -0.075884 0.541889
1403638145.295097 -0.009031 0.060657 -0.058939 0.046419 0.835743 -0.075859 0.541871
1403638145.395097 -0.009054 0.060651 -0.058918 0.046490 0.835728 -0.075851 0.541890
1403638145.495097 -0.009043 0.060665 -0.058878 0.046441 0.835718 -0.075806 0.541916
1403638145.595097 -0.009014 0.060643 -0.058864 0.046351 0.835734 -0.075725 0.541909
1403638145.695097 -0.009005 0.060637 -0.058839 0.046309 0.835706 -0.075703 0.541960
1403638145.795097 -0.009003 0.060641 -0.058830 0.046326 0.835747 -0.075620 0.541907
1403638145.895097 -0.008998 0.060650 -0.058818 0.046300 0.835707 -0.075617 0.541971
1403638145.995097 -0.008988 0.060655 -0.058803 0.046242 0.835704 -0.075610 0.541981
1403638146.095097 -0.008964 0.060657 -0.058776 0.046180 0.835756 -0.075512 0.541921
1403638146.195097 -0.008967 0.060654 -0.058778 0.046207 0.835696 -0.075530 0.542008
1403638146.295097 -0.008943 0.060664 -0.058742 0.046274 0.835710 -0.075516 0.541983
1403638146.395097 -0.008936 0.060653 -0.058714 0.046305 0.835737 -0.075459 0.541946
1403638146.495097 -0.008934 0.060645 -0.058695 0.046307 0.835771 -0.075518 0.541886
1403638146.595097 -0.008926 0.060660 -0.058692 0.046382 0.835729 -0.075497 0.541946
1403638146.695097 -0.008902 0.060645 -0.058656 0.046433 0.835786 -0.075495 0.541854
1403638146.795097 -0.008924 0.060665 -0.058694 0.046432 0.835696 -0.075467 0.541998
1403638146.895097 -0.008873 0.060651 -0.058636 0.046546 0.835785 -0.075393 0.541860
1403638146.995097 -0.008880 0.060660 -0.058617 0.046627 0.835912 -0.075458 0.541649
1403638147.095097 -0.008843 0.060774 -0.058660 0.046501 0.835985 -0.075358 0.541561
1403638147.195097 -0.008810 0.060794 -0.058680 0.046557 0.836078 -0.075221 0.541432
1403638147.295097 -0.008806 0.060826 -0.058657 0.046452 0.836046 -0.075318 0.541476
1403638147.395097 -0.008793 0.060830 -0.058628 0.046511 0.835918 -0.075248 0.541679
1403638147.495097 -0.008861 0.060712 -0.058424 0.046403 0.835471 -0.075036 0.542407
1403638147.595097 -0.008844 0.060714 -0.058256 0.045862 0.835017 -0.075147 0.543135
1403638147.695097 -0.008394 0.060683 -0.058368 0.045428 0.835182 -0.074312 0.543033
1403638147.795097 -0.006488 0.060161 -0.057210 0.046076 0.832966 -0.074819 0.546302
1403638147.895097 -0.001595 0.058633 -0.053091 0.048908 0.825761 -0.077642 0.556505
1403638147.995097 0.007003 0.056859 -0.042779 0.049627 0.819065 -0.079414 0.566006
1403638148.095097 0.016807 0.054604 -0.024991 0.050399 0.813990 -0.078547 0.573332
1403638148.195097 0.027400 0.052274 0.002086 0.051105 0.811255 -0.075273 0.577571
1403638148.295097 0.036266 0.050523 0.043843 0.049443 0.811048 -0.072399 0.578373
1403638148.395097 0.044166 0.049815 0.094156 0.047837 0.810852 -0.069314 0.579161
1403638148.495097 0.050529 0.049692 0.128487 0.047626 0.814784 -0.066226 0.573997
1403638148.595097 0.056262 0.050115 0.137816 0.047515 0.818885 -0.063819 0.568416
1403638148.695097 0.064275 0.051665 0.129626 0.046633 0.822610 -0.061726 0.563318
1403638148.795097 0.075558 0.053835 0.121424 0.044571 0.825106 -0.060574 0.559951
1403638148.895097 0.088310 0.056810 0.122806 0.042990 0.825856 -0.059120 0.559124
1403638148.995097 0.110139 0.059226 0.144143 0.041755 0.824081 -0.057800 0.561966
1403638149.095097 0.127926 0.061852 0.169757 0.041470 0.820380 -0.056094 0.567548
1403638149.195097 0.147984 0.066703 0.201662 0.041177 0.818089 -0.055434 0.570930
1403638149.295097 0.170289 0.070771 0.234648 0.039138 0.816798 -0.056681 0.572796
1403638149.395097 0.193902 0.075125 0.264314 0.038359 0.815482 -0.056751 0.574715
1403638149.495097 0.215254 0.080751 0.286659 0.038884 0.814710 -0.056203 0.575828
1403638149.595097 0.235530 0.086464 0.303192 0.039635 0.814618 -0.054654 0.576055
1403638149.695097 0.258198 0.091590 0.316008 0.036854 0.814932 -0.049954 0.576223
1403638149.795097 0.279223 0.098463 0.323168 0.033657 0.815315 -0.044628 0.576313
1403638149.895097 0.300203 0.105934 0.327140 0.030761 0.815417 -0.040780 0.576616
1403638149.995097 0.325288 0.112213 0.330510 0.030218 0.816021 -0.036855 0.576054
1403638150.095097 0.348109 0.122230 0.326015 0.036234 0.816250 -0.030343 0.575762
1403638150.195097 0.373110 0.135334 0.319659 0.043241 0.816560 -0.024096 0.575135
1403638150.295097 0.397991 0.154571 0.307325 0.046527 0.817688 -0.021594 0.573371
1403638150.395097 0.424216 0.179225 0.291644 0.043343 0.821904 -0.022488 0.567529
1403638150.495097 0.452776 0.209255 0.281469 0.031853 0.827615 -0.022775 0.559929
1403638150.595097 0.482675 0.242371 0.277077 0.023678 0.831376 -0.018543 0.554897
1403638150.695097 0.517918 0.277009 0.285678 0.017607 0.831661 -0.014525 0.554814
1403638150.795097 0.555891 0.313362 0.299870 0.014246 0.830600 -0.007962 0.556631
1403638150.895097 0.598933 0.351773 0.315398 0.010238 0.828142 0.001400 0.560423
1403638150.995097 0.646435 0.390487 0.327514 0.006539 0.823966 0.009495 0.566521
1403638151.095097 0.694525 0.432221 0.332433 0.001016 0.821924 0.021678 0.569184
1403638151.195097 0.741872 0.477206 0.331734 -0.008143 0.819830 0.039049 0.571217
1403638151.295097 0.789467 0.524289 0.324114 -0.021647 0.819921 0.057467 0.569173
1403638151.395097 0.835653 0.573792 0.317246 -0.037042 0.818935 0.077770 0.567384
1403638151.495097 0.880205 0.625520 0.314548 -0.053093 0.816945 0.097316 0.565961
1403638151.595097 0.924261 0.678537 0.316688 -0.065848 0.815012 0.114046 0.564281
1403638151.695097 0.968416 0.732733 0.324874 -0.074890 0.812780 0.126626 0.563689
1403638151.795097 1.012887 0.787946 0.341334 -0.080074 0.812203 0.135362 0.561775
1403638151.895097 1.057113 0.844642 0.365945 -0.083369 0.811880 0.140323 0.560544
1403638151.995097 1.102080 0.904307 0.394175 -0.083288 0.811961 0.144140 0.559469
1403638152.095097 1.147233 0.966756 0.419749 -0.083291 0.812383 0.144980 0.558639
1403638152.195097 1.192086 1.031322 0.439458 -0.082663 0.812365 0.145335 0.558666
1403638152.295097 1.235351 1.098779 0.452221 -0.079889 0.811970 0.146608 0.559311
1403638152.395097 1.279259 1.168913 0.458048 -0.076091 0.811833 0.147584 0.559783
1403638152.495097 1.322395 1.243355 0.455862 -0.072372 0.812291 0.148186 0.559452
1403638152.595097 1.364965 1.322249 0.448941 -0.072305 0.812322 0.147447 0.559610
1403638152.695097 1.404242 1.405823 0.441511 -0.077822 0.813970 0.145733 0.556919
1403638152.795097 1.448974 1.492248 0.440321 -0.085615 0.812405 0.149074 0.557175
1403638152.895097 1.492366 1.582490 0.448449 -0.096944 0.808373 0.155312 0.559476
1403638152.995097 1.534320 1.671638 0.463073 -0.107885 0.804433 0.166824 0.559837
1403638153.095097 1.576749 1.761117 0.482801 -0.116649 0.804922 0.179055 0.553564
1403638153.195097 1.620441 1.851106 0.503239 -0.122142 0.805634 0.188829 0.548069
1403638153.295097 1.650912 1.925112 0.517671 -0.127673 0.804707 0.198940 0.544582
1403638153.395097 1.692611 2.009778 0.529407 -0.134428 0.802950 0.209744 0.541487
1403638153.495097 1.740884 2.100922 0.540540 -0.136640 0.799562 0.226258 0.539293
1403638153.595097 1.789853 2.195382 0.557321 -0.139478 0.795497 0.244960 0.536400
1403638153.695097 1.837583 2.294899 0.578990 -0.148277 0.789954 0.261995 0.534177
1403638153.795097 1.885262 2.398102 0.598384 -0.161447 0.783603 0.275044 0.533153
1403638153.895097 1.931971 2.503604 0.612556 -0.172186 0.777705 0.284556 0.533437
